ANGLE_SEARCH  =  22.500000
BETA  =  8.000000
BLACK_ON_WHITE?  =  0.000000
DIFFERENCE_LEVEL_SIDES  =  40.000000
FACTOR_INTERVAL  =  0.250000
ID_PALIER  =  0.000000
MIN_SIZE_GRAPH  =  30.000000
NB_FRIENDS_MAX  =  10.000000
THRESHOLD_LINE_CRITER  =  100.000000
THRESHOLD_REL_EIGEN  =  0.600000
X_FACTOR_X2ORIGIN  =  0.75000000
